1012.0494  10.00	
1009.5363  30.96	
1006.7900  53.92	
1003.7906  79.04	
1000.5165  	106.54	
996.9452  	136.62	
993.0527  	169.51	
988.8133  	205.44	
984.2002  	244.69	
979.1852  	287.52	
973.7392  	334.24	
967.8315  	385.16	
961.4311  	440.61	
954.5059  	500.95	
947.0240  	566.54	
938.9532  	637.76	
930.2618  	715.02	
920.9193  	798.72	
910.8965  	889.29	
900.1669  	987.15	
888.7066  	1092.73	
876.4957  	1206.44	
863.5190  	1328.70	
849.7668  	1459.91	
835.2358  	1600.44	
819.9302  	1750.63	
803.8622  	1910.76	
787.0528  	2081.09	
769.5329  	2261.80	
751.3426  	2452.99	
732.5325	2654.69
713.1631	2866.83
693.3043	3089.25
673.0352	3321.67
652.4424	3563.69
631.6194	3814.82
610.6646	4074.41
589.6797	4341.73
568.7678	4615.92
548.0312	4896.02
527.5696	5180.98
507.5021	5469.30
487.9470	5759.30
468.9708	6049.89
450.5858	6340.68
432.7792	6631.66
415.5387	6922.80
398.8516	7214.09
382.7058	7505.51
367.0889	7797.04
351.9887	8088.67
337.3932	8380.36
323.2904	8672.11
309.6684	8963.90
296.5155	9255.70
283.8200	9547.49
271.5704	9839.26
259.7553	10130.98
248.3634	10422.64
237.3837	10714.22
226.8050	11005.69
216.6166	11297.93
206.8078	11592.86
197.3679	11890.24
188.2867	12190.10
179.5537	12492.44
171.1591	12797.30
163.0927	13104.70
155.3448	13414.65
147.9058	13727.18
140.7663	14042.30
133.9170	14360.05
127.3487	14680.44
121.0526	15003.50
115.0198	15329.24
109.2417	15657.70
103.7100	15988.88
98.4164		16322.83
93.3527 	16659.55	
88.5112 	16999.08	
83.8816 	17341.62	
79.4496 	17687.77	
75.1999 	18038.35	
71.1187 	18394.25	
67.1941 	18756.34	
63.4151 	19125.61	
59.7721 	19503.09	
56.2567 	19889.88	
52.8644 	20286.66	
49.5952 	20694.90	
46.4498 	21114.77	
43.4287 	21546.62	
40.5321 	21990.82	
37.7598 	22447.75	
35.1111 	22917.85	
32.5843 	23401.71	
30.1776 	23900.02	
27.8887 	24413.50	
25.7156 	24942.93	
23.6560 	25489.15	
21.7076 	26053.04	
19.8681 	26635.56	
18.1348 	27237.73	
16.5054 	27860.64	
14.9770 	28505.47	
13.5469 	29173.50	
12.2123 	29866.09	
10.9703 	30584.71	
9.8177	 	31330.96	
8.7516	 	32106.57	
7.7686	 	32915.27	
6.8654	 	33763.05	
6.0388	 	34652.52	
5.2851	 	35586.89	
4.6010	 	36569.72	
3.9829	 	37604.95	
3.4270	 	38696.94	
2.9298	 	39850.56	
2.4875	 	41071.20	
2.0965	 	42364.93	
1.7531	 	43738.55	
1.4535	 	45199.69	
1.1942	 	46756.98	
0.9716	 	48413.94	
0.7821	 	50159.36	
0.6224	 	51996.21	
0.4892	 	53905.62	
0.3793	 	55882.68	
0.2899	 	57930.78	
0.2180	 	60053.46	
0.1611	 	62254.39	
0.1168	 	64537.43	
0.0829	 	66906.53	
0.0575	 	69365.77	
0.0388	 	71918.79	
0.0255	 	74584.91	
0.0100	 	80301.65	
