   329  -10.900    3.086  260.000  989.000
   352  -11.100    3.601  264.000  986.000
   509  -12.500    6.173  289.000  966.000
   610  -12.300    8.230  305.000  953.400
   726  -12.100    9.259  318.000  939.000
   841  -12.700    9.774  330.000  925.000
   914  -13.100   10.288  340.000  916.100
  1219  -14.600   11.317    0.000  880.000
  1367  -15.300    7.716    0.000  863.000
  1481  -16.300    5.144    0.000  850.000
  1524  -16.600    5.144    0.000  845.100
  1829  -19.000    6.173    5.000  811.200
  2103  -21.100    5.144    1.000  782.000
  2134  -21.100    5.144    0.000  778.700
  2284  -21.300    6.173  353.000  763.000
  2438  -22.700    7.202  345.000  747.200
  2639  -24.500    7.202  355.000  727.000
  2669  -24.300    7.202  356.000  724.000
  2729  -23.300    7.202  359.000  718.000
  2743  -23.300    7.202    0.000  716.700
  2760  -23.300    7.202    3.000  715.000
  2915  -23.900    5.658   35.000  700.000
  2999  -24.300    5.658   38.000  692.000
  3048  -24.600    5.658   40.000  687.300
  3276  -26.300    6.173   21.000  666.000
  3353  -26.800    6.687   15.000  659.000
  3396  -27.100    6.687   17.000  655.000
  3658  -27.300    5.658   30.000  631.600
  4015  -27.500    5.144   24.000  601.000
  4267  -28.700    4.630   20.000  580.100
  4572  -30.200    5.144    0.000  555.700
  4877  -31.700    6.687    0.000  532.400
  5113  -32.900    5.658   15.000  515.000
  5182  -33.100    5.658   20.000  509.900
  5320  -33.500    5.144   15.000  500.000
  5859  -35.100    4.630  313.000  463.000
  6096  -36.300    4.630  285.000  447.400
  6551  -38.700    4.630  274.000  419.000
  6706  -39.100    4.630  270.000  409.700
  6870  -39.500    4.630  265.000  400.000
  6991  -40.100    5.658  263.000  393.000
  7238  -41.900    8.230  258.000  379.000
  7620  -42.600   11.831  250.000  358.200
  7699  -42.700   11.831  247.000  354.000
  7925  -43.900   11.317  240.000  342.300
  8011  -44.300   12.346  241.000  338.000
  8399  -43.900   15.946  248.000  319.000
  8534  -44.600   17.490  250.000  312.600
  8700  -45.500   16.975  244.000  305.000
  8810  -45.500   16.975  240.000  300.000
  8839  -45.600   17.490  240.000  298.700
  9144  -46.500   18.004  250.000  285.200
  9265  -46.900   16.975  252.000  280.000
  9449  -46.800   14.918  255.000  272.300
  9529  -46.700   14.918  255.000  269.000
  9855  -48.100   15.432  255.000  256.000
 10010  -47.900   15.432  255.000  250.000
 10058  -47.600   15.432  250.000  248.200
 10171  -46.900   16.975  249.000  244.000
 10668  -49.000   23.662  245.000  226.300
 10973  -50.300   18.004  245.000  216.100
 10976  -50.300   19.547  245.000  216.000
 11480  -51.100   21.605  245.000  200.000
 12200  -50.900   21.605  251.000  179.000
 12728  -51.900   21.605  255.000  165.000
 13048  -53.700   21.605  258.000  157.000
 13340  -53.900   21.605  260.000  150.000
 13558  -53.500   22.634  260.000  145.000
 13692  -54.500   23.662  260.000  142.000
 13783  -53.900   24.177  260.000  140.000
 13969  -55.300   24.691  260.000  136.000
 14021  -55.100   25.206  260.000  134.900
 14208  -54.500   24.177  261.000  131.000
 14456  -55.900   23.148  262.000  126.000
 14715  -53.900   21.605  263.000  121.000
 14822  -54.700   21.090  263.000  119.000
 15041  -54.500   20.062  264.000  115.000
 15240  -55.100   19.033  265.000  111.500
 15325  -55.300   16.975  264.000  110.000
 15545  -56.100   11.317  260.000  106.200
 15930  -57.500   15.946  275.000  100.000
 16300  -58.700   15.946  274.000   94.300
 16963  -57.700   15.946  273.000   84.900
 17204  -59.500   15.946  272.000   81.700
 17553  -57.100   15.946  271.000   77.300
 17924  -58.300   15.946  271.000   72.900
 18180  -57.700   15.946  270.000   70.000
 18288  -57.700   16.461  275.000   68.800
 18427  -57.700   16.461  274.000   67.300
 19507  -60.500   14.403  265.000   56.600
 20030  -61.900   18.518  268.000   52.000
 20270  -63.700   20.062  270.000   50.000
 20674  -65.300   22.119  279.000   46.800
 20726  -64.700   22.634  280.000   46.400
 21040  -61.100   20.576  280.000   44.100
 21336  -61.600   19.033  280.000   42.000
 21641  -62.100   23.662  260.000   40.000
 21738  -62.300   24.177  262.000   39.400
 22359  -66.300   26.234  276.000   35.600
 22555  -65.600   26.749  280.000   34.500
 22728  -64.900   29.835  271.000   33.500
 22860  -62.700   32.407  265.000   32.800
 22896  -62.100   32.407  266.000   32.600
 23165  -62.000   32.407  270.000   31.200
 23410  -61.900   31.378  265.000   30.000
 23705  -61.900   33.950  257.000   28.600
 23774  -62.200   34.465  255.000   28.300
 24384  -64.800   29.321  275.000   25.600
 24410  -64.900   29.835  274.000   25.500
 24689  -63.900   33.436  260.000   24.400
 24730  -63.700   33.950  260.000   24.200
 25588  -69.100   39.094  268.000   21.000
 25761  -68.700   40.123  269.000   20.400
 25880  -67.100   41.152  270.000   20.000
 25941  -66.500   41.666  270.000   19.800
 26416  -67.300   45.782  266.000   18.300
 26792  -64.900   48.868  263.000   17.200
 27127  -65.400   51.954  260.000   16.300
 27432  -65.800   50.926  265.000   15.500
 27464  -65.900   50.926  265.000   15.400
 27666  -62.700   50.411  264.000   14.900
 28273  -63.300   48.868  260.000   13.500
 28346  -63.000   48.868  260.000   13.300
 28899  -60.700   54.526  256.000   12.200
 29212  -62.300   58.127  254.000   11.600
 29597  -61.100   61.728  252.000   10.900
 29870  -61.900   64.814  250.000   10.400
 30130  -62.700   62.757  260.000   10.000
 30381  -63.700   61.214  260.000    9.600
 30480  -63.700   60.699  260.000    9.400
 31578  -63.200   69.958  260.000    7.900
 31699  -63.100   69.958  260.000    7.800
 31735  -63.100  433.639  843.000    7.700
